FileVersion 1 2;
FileTimestamp 06-21-17 18:56:53;
InspectionStationID "KLA_TENCOR" "KLA2139" "E1171";
SampleType WAFER;
ResultTimestamp 06-21-17 18:50:00;
LotID "F17210001.F1STI";
SampleSize 1 200;
DeviceID "MP050616";
SetupID "MP050616_STI" 04-26-17 10:24:11;
StepID "STI";
ResultsID "F17210001.F1STI";
SampleOrientationMarkType NOTCH;
OrientationMarkLocation DOWN;
DiePitch 21899.4 21899.6;
DieOrigin 0 0;
WaferID "01";
Slot 1;
SampleCenterLocation 21989.6 235.865;
InspectionTest 1;
SampleTestPlan 28
  2 -3 
  1 -3 
  0 -3 
  -1 -3 
  2 -2 
  1 -2 
  0 -2 
  -1 -2 
  3 -1 
  2 -1 
  1 -1 
  0 -1 
  -1 -1 
  -2 -1 
  3 0 
  2 0 
  1 0 
  0 0 
  -1 0 
  -2 0 
  2 1 
  1 1 
  0 1 
  -1 1 
  2 2 
  1 2 
  0 2 
  -1 2 ;
AreaPerTest 1.32833e+010;
TestParametersSpec 2
  PIXELSIZE    SAMPLEPERCENTAGE  ;
TestParametersList
  0.625    0  ;
DefectClusterSpec 3
  THRESHOLD    MINSIZE    MERGETOL  ;
DefectClusterSetup 
  0    3    3  ;
DefectRecordSpec 19 DEFECTID X Y XREL YREL XINDEX YINDEX XSIZE YSIZE DEFECTAREA DSIZE CLASSNUMBER TEST CLUSTERNUMBER ROUGHBINNUMBER FINEBINNUMBER REVIEWSAMPLE IMAGECOUNT IMAGELIST ;
DefectList
 1 33904.921 53039.078 12095.767 9475.693 2 2 0.624 0.623 0.162 0.402 0 1 0 0 0 1 0 0
 2 23355.162 45592.027 1546.008 2028.642 2 2 0.624 0.623 0.126 0.355 0 1 0 0 0 1 0 0
 3 17576.904 46066.789 17667.142 2503.404 1 2 2.496 3.119 5.213 2.283 0 1 0 0 0 1 0 0
 4 41418.953 42739.945 19609.799 21076.185 2 1 7.490 0.623 0.224 0.473 0 1 1 0 0 1 0 0
 5 41430.812 42818.550 19621.658 21154.791 2 1 9.986 0.623 0.247 0.496 0 1 1 0 0 0 0 0
 6 41429.253 42798.585 19620.100 21134.826 2 1 3.120 0.623 0.271 0.520 0 1 1 0 0 0 0 0
 7 41459.523 42739.320 19650.369 21075.560 2 1 3.745 1.247 0.271 0.520 0 1 1 0 0 0 0 0
 8 41425.820 42719.980 19616.666 21056.220 2 1 9.986 0.623 0.224 0.473 0 1 1 0 0 0 0 0
 9 41457.339 42718.734 19648.185 21054.974 2 1 8.114 0.623 0.322 0.567 0 1 1 0 0 0 0 0
 10 38792.500 32113.664 16983.346 10449.904 2 1 0.624 2.495 0.570 0.624 0 1 0 0 0 0 0 0
 11 -23290.488 31223.488 20598.534 9559.728 -1 1 0.624 0.623 0.081 0.284 0 1 0 0 0 1 0 0
 12 -10067.978 27264.359 11921.652 5600.599 0 1 0.624 0.623 0.181 0.426 0 1 0 0 0 1 0 0
 13 -9371.777 25904.785 12617.853 4241.025 0 1 0.624 0.623 0.110 0.331 0 1 0 0 0 1 0 0
 14 31295.503 25995.246 9486.350 4331.486 2 1 9.986 0.623 0.349 0.590 0 1 3 0 0 0 0 0
 15 31337.011 25996.494 9527.857 4332.734 2 1 3.120 0.623 0.349 0.590 0 1 3 0 0 0 0 0
 16 31379.455 25995.246 9570.301 4331.486 2 1 9.362 0.623 0.349 0.590 0 1 3 0 0 1 0 0
 17 31924.982 25996.494 10115.828 4332.734 2 1 3.120 0.623 0.322 0.567 0 1 3 0 0 0 0 0
 18 31883.787 25995.246 10074.633 4331.486 2 1 9.362 0.623 0.296 0.543 0 1 3 0 0 0 0 0
 19 31967.738 25995.246 10158.584 4331.486 2 1 8.738 0.623 0.296 0.543 0 1 3 0 0 0 0 0
 20 32009.246 25996.494 10200.092 4332.734 2 1 3.120 0.623 0.296 0.543 0 1 3 0 0 0 0 0
 21 32051.376 25995.246 10242.223 4331.486 2 1 9.986 0.623 0.296 0.543 0 1 3 0 0 0 0 0
 22 32093.197 25996.494 10284.043 4332.734 2 1 3.745 0.623 0.296 0.543 0 1 3 0 0 0 0 0
 23 32177.148 25996.494 10367.994 4332.734 2 1 3.120 0.623 0.296 0.543 0 1 3 0 0 1 0 0
 24 32135.328 25995.246 10326.174 4331.486 2 1 9.362 0.623 0.296 0.543 0 1 3 0 0 0 0 0
 25 -14822.297 23052.333 7167.332 1388.574 0 1 0.624 0.623 0.095 0.307 0 1 0 0 0 1 0 0
 26 41427.953 20839.693 19618.799 21075.558 2 0 3.745 0.623 0.144 0.378 0 1 0 0 0 1 0 0
 27 41436.066 20819.730 19626.912 21055.595 2 0 3.745 0.623 0.144 0.378 0 1 0 0 0 1 0 0
 28 -33406.031 20137.552 10482.991 20373.418 -1 0 0.624 0.623 0.271 0.520 0 1 0 0 0 1 0 0
 29 55820.968 16177.676 12112.422 16413.542 3 0 0.624 0.623 0.377 0.614 0 1 0 0 0 1 0 0
 30 -13349.901 14836.754 8639.729 15072.620 0 0 0.624 0.623 0.144 0.378 0 1 0 0 0 1 0 0
 31 47600.261 1032.926 3891.715 1268.792 3 0 0.624 0.623 0.144 0.378 0 1 0 0 0 1 0 0
 32 27145.285 459.904 5336.131 695.770 2 0 1.248 1.247 0.377 0.614 0 1 0 0 0 1 0 0
 33 1746.242 708.203 1836.481 944.069 1 0 0.624 0.623 0.110 0.331 0 1 0 0 0 1 0 0
 34 -5115.148 -112.536 16874.481 123.328 0 0 0.624 0.623 0.095 0.307 0 1 0 0 0 1 0 0
 35 -33964.925 -1686.396 9924.097 20449.094 -1 -1 0.624 1.247 0.349 0.590 0 1 0 0 0 1 0 0
 36 -9199.780 -3612.193 12789.850 18523.297 0 -1 0.624 0.623 0.247 0.496 0 1 0 0 0 1 0 0
 37 30258.656 -5833.932 8449.502 16301.557 2 -1 0.624 0.623 0.126 0.355 0 1 0 0 0 1 0 0
 38 20218.355 -8920.457 20308.593 13215.033 1 -1 0.624 0.623 0.095 0.307 0 1 0 0 0 1 0 0
 39 41880.742 -9962.234 20071.588 12173.256 2 -1 0.624 0.623 0.095 0.307 0 1 0 0 0 1 0 0
 40 62385.699 -14219.571 18677.153 7915.919 3 -1 1.872 0.623 0.181 0.426 0 1 0 0 0 0 0 0
 41 49231.269 -16701.900 5522.723 5433.590 3 -1 3.120 0.623 0.126 0.355 0 1 2 0 0 1 0 0
 42 50084.511 -16703.148 6375.965 5432.342 3 -1 0.624 0.623 0.162 0.402 0 1 2 0 0 1 0 0
 43 50661.250 -16703.148 6952.703 5432.342 3 -1 0.624 0.623 0.162 0.402 0 1 2 0 0 0 0 0
 44 50937.132 -16543.437 7228.586 5592.053 3 -1 3.120 0.623 0.181 0.426 0 1 2 0 0 1 0 0
 45 50960.226 -16703.148 7251.680 5432.342 3 -1 9.362 0.623 0.181 0.426 0 1 2 0 0 0 0 0
 46 50932.761 -16763.039 7224.215 5372.451 3 -1 3.120 0.623 0.181 0.426 0 1 2 0 0 0 0 0
 47 2507.732 -17124.177 2597.971 5011.312 1 -1 2.496 3.119 4.600 2.144 0 1 0 0 0 1 0 0
 48 9534.663 -19514.671 9624.901 2620.818 1 -1 0.624 0.623 0.144 0.378 0 1 0 0 0 1 0 0
 49 4855.163 -30959.142 4945.401 13075.972 1 -2 0.624 0.623 0.081 0.284 0 1 0 0 0 1 0 0
 50 -14653.035 -46216.820 7336.595 19717.920 0 -3 0.624 0.623 0.095 0.307 0 1 0 0 0 1 0 0
 51 -30086.138 -51813.433 13802.884 14121.306 -1 -3 0.624 1.247 0.322 0.567 0 1 0 0 0 1 0 0
 52 -39871.597 -53683.625 4017.425 12251.115 -1 -3 0.624 0.623 0.081 0.284 0 1 0 0 0 1 0 0
 53 -31225.970 -58036.726 12663.052 7898.013 -1 -3 0.624 0.623 0.247 0.496 0 1 0 0 0 1 0 0
 54 31726.847 -58402.312 9917.693 7532.428 2 -3 1.872 1.871 0.162 0.402 0 1 0 0 0 1 0 0;
SummarySpec 5
  TESTNO    NDEFECT    DEFDENSITY    NDIE    NDEFDIE  ;
SummaryList 
  1    54    0.4065    28    19  ;
EndOfFile;
