FileVersion 1 2;
FileTimestamp 06-21-17 19:02:23;
InspectionStationID "KLA_TENCOR" "KLA2139" "E1171";
SampleType WAFER;
ResultTimestamp 06-21-17 18:50:00;
LotID "F17210001.F1STI";
SampleSize 1 200;
DeviceID "MP050616";
SetupID "MP050616_STI" 04-26-17 10:24:11;
StepID "STI";
ResultsID "F17210001.F1STI";
SampleOrientationMarkType NOTCH;
OrientationMarkLocation DOWN;
DiePitch 21899.4 21899.6;
DieOrigin 0 0;
WaferID "09";
Slot 9;
SampleCenterLocation 21989.6 235.865;
InspectionTest 1;
SampleTestPlan 28
  2 -3 
  1 -3 
  0 -3 
  -1 -3 
  2 -2 
  1 -2 
  0 -2 
  -1 -2 
  3 -1 
  2 -1 
  1 -1 
  0 -1 
  -1 -1 
  -2 -1 
  3 0 
  2 0 
  1 0 
  0 0 
  -1 0 
  -2 0 
  2 1 
  1 1 
  0 1 
  -1 1 
  2 2 
  1 2 
  0 2 
  -1 2 ;
AreaPerTest 1.32833e+010;
TestParametersSpec 2
  PIXELSIZE    SAMPLEPERCENTAGE  ;
TestParametersList
  0.625    0  ;
DefectClusterSpec 3
  THRESHOLD    MINSIZE    MERGETOL  ;
DefectClusterSetup 
  1000    10    3  ;
DefectRecordSpec 19 DEFECTID X Y XREL YREL XINDEX YINDEX XSIZE YSIZE DEFECTAREA DSIZE CLASSNUMBER TEST CLUSTERNUMBER ROUGHBINNUMBER FINEBINNUMBER REVIEWSAMPLE IMAGECOUNT IMAGELIST ;
DefectList
 1 -43370.425 58642.679 518.597 15079.295 -1 2 0.624 0.623 0.110 0.331 0 1 0 0 0 1 0 0
 2 23362.648 57332.828 1553.494 13769.443 2 2 0.624 0.623 0.081 0.284 0 1 0 0 0 1 0 0
 3 32259.597 50428.355 10450.443 6864.970 2 2 0.624 0.623 0.095 0.307 0 1 0 0 0 1 0 0
 4 23229.601 43397.125 1420.447 21733.365 2 1 0.624 1.247 0.247 0.496 0 1 0 0 0 1 0 0
 5 1172.008 38099.761 1262.247 16436.002 1 1 1.248 0.623 0.296 0.543 0 1 0 0 0 1 0 0
 6 -10103.634 31007.628 11885.995 9343.869 0 1 0.624 0.623 0.144 0.378 0 1 0 0 0 1 0 0
 7 28863.693 26658.292 7054.539 4994.533 2 1 3.745 3.743 8.586 2.930 0 1 0 0 0 1 0 0
 8 9380.181 21056.800 9470.420 21292.666 1 0 6.241 6.238 23.612 4.859 0 1 0 0 0 1 0 0
 9 -39989.136 18166.214 3899.886 18402.080 -1 0 2.496 1.247 0.437 0.660 0 1 0 0 0 1 0 0
 10 57913.109 18512.773 14204.563 18748.638 3 0 2.496 1.871 3.680 1.871 0 1 0 0 0 1 0 0
 11 -35120.867 17021.812 8768.155 17257.678 -1 0 0.624 0.623 0.126 0.355 0 1 0 0 0 1 0 0
 12 -21080.568 9523.063 909.062 9758.928 0 0 0.624 0.623 0.095 0.307 0 1 0 0 0 1 0 0
 13 62231.757 8663.998 18523.211 8899.863 3 0 0.624 0.623 0.081 0.284 0 1 0 0 0 1 0 0
 14 -44809.207 1404.544 20979.208 1640.410 -2 0 0.624 0.623 0.081 0.284 0 1 0 0 0 1 0 0
 15 58389.976 1403.609 14681.430 1639.474 3 0 0.624 0.623 0.162 0.402 0 1 0 0 0 1 0 0
 16 61463.125 -267.431 17754.578 21868.059 3 -1 6.241 8.110 0.437 0.660 0 1 0 0 0 1 0 0
 17 -18864.443 -2543.902 3125.187 19591.588 0 -1 0.624 0.623 0.095 0.307 0 1 0 0 0 1 0 0
 18 47918.902 -3594.413 4210.356 18541.077 3 -1 0.624 0.623 0.110 0.331 0 1 0 0 0 0 0 0
 19 44529.023 -3038.859 820.477 19096.631 3 -1 0.624 0.623 0.296 0.543 0 1 0 0 0 1 0 0
 20 35569.406 -11470.850 13760.252 10664.639 2 -1 0.624 1.247 0.181 0.426 0 1 0 0 0 1 0 0
 21 6693.157 -13341.684 6783.396 8793.805 1 -1 0.624 1.247 0.271 0.520 0 1 0 0 0 1 0 0
 22 53236.535 -15193.035 9527.988 6942.455 3 -1 1.248 1.247 1.840 1.247 0 1 0 0 0 1 0 0
 23 -28598.619 -17032.425 15290.403 5103.064 -1 -1 1.248 1.247 2.760 1.247 0 1 0 0 0 1 0 0
 24 -20869.910 -18552.001 1119.720 3583.488 0 -1 0.624 0.623 0.095 0.307 0 1 0 0 0 1 0 0
 25 -19207.335 -32189.203 2782.294 11845.912 0 -2 0.624 0.623 0.349 0.590 0 1 0 0 0 1 0 0
 26 -19194.851 -32190.451 2794.779 11844.664 0 -2 0.624 0.623 0.202 0.449 0 1 0 0 0 1 0 0
 27 2540.440 -44287.777 2630.678 21646.963 1 -3 0.624 0.623 0.095 0.307 0 1 0 0 0 1 0 0
 28 -36403.019 -47397.406 7486.003 18537.334 -1 -3 0.624 0.623 0.081 0.284 0 1 0 0 0 1 0 0
 29 9763.514 -50427.722 9853.753 15507.017 1 -3 0.624 0.623 0.110 0.331 0 1 0 0 0 1 0 0
 30 -24507.857 -53872.781 19381.165 12061.959 -1 -3 0.624 0.623 0.144 0.378 0 1 0 0 0 1 0 0
 31 -5819.153 -60206.062 16170.476 5728.678 0 -3 1.248 1.247 2.147 1.247 0 1 0 0 0 1 0 0;
SummarySpec 5
  TESTNO    NDEFECT    DEFDENSITY    NDIE    NDEFDIE  ;
SummaryList 
  1    31    0.2334    28    19  ;
EndOfFile;
