FileVersion 1 2;
FileTimestamp 06-21-17 20:57:56;
InspectionStationID "KLA_TENCOR" "KLA2139" "E1171";
SampleType WAFER;
ResultTimestamp 06-21-17 18:50:00;
LotID "F17210001.F1STI";
SampleSize 1 200;
DeviceID "MP050616";
SetupID "MP050616_STI" 04-26-17 10:24:11;
StepID "STI";
ResultsID "F17210001.F1STI";
SampleOrientationMarkType NOTCH;
OrientationMarkLocation DOWN;
DiePitch 21899.4 21899.6;
DieOrigin 0 0;
WaferID "14";
Slot 14;
SampleCenterLocation 21989.6 235.865;
InspectionTest 1;
SampleTestPlan 28
  2 -3 
  1 -3 
  0 -3 
  -1 -3 
  2 -2 
  1 -2 
  0 -2 
  -1 -2 
  3 -1 
  2 -1 
  1 -1 
  0 -1 
  -1 -1 
  -2 -1 
  3 0 
  2 0 
  1 0 
  0 0 
  -1 0 
  -2 0 
  2 1 
  1 1 
  0 1 
  -1 1 
  2 2 
  1 2 
  0 2 
  -1 2 ;
AreaPerTest 1.32833e+010;
TestParametersSpec 2
  PIXELSIZE    SAMPLEPERCENTAGE  ;
TestParametersList
  0.625    0  ;
DefectClusterSpec 3
  THRESHOLD    MINSIZE    MERGETOL  ;
DefectClusterSetup 
  0    3    3  ;
DefectRecordSpec 19 DEFECTID X Y XREL YREL XINDEX YINDEX XSIZE YSIZE DEFECTAREA DSIZE CLASSNUMBER TEST CLUSTERNUMBER ROUGHBINNUMBER FINEBINNUMBER REVIEWSAMPLE IMAGECOUNT IMAGELIST ;
DefectList
 1 5250.620 57969.171 5340.859 14405.787 1 2 0.624 0.623 0.081 0.284 0 1 0 0 0 1 0 0
 2 34202.847 44088.527 12393.693 525.142 2 2 0.624 0.623 0.224 0.473 0 1 1 0 0 1 0 0
 3 34198.480 44084.785 12389.326 521.400 2 2 0.624 0.623 0.296 0.543 0 1 1 0 0 1 0 0
 4 34180.378 44069.500 12371.225 506.115 2 2 0.624 0.623 0.126 0.355 0 1 1 0 0 1 0 0
 5 29506.265 40104.019 7697.111 18440.260 2 1 0.624 0.623 0.144 0.378 0 1 0 0 0 1 0 0
 6 15219.226 33507.113 15309.464 11843.353 1 1 0.624 0.623 0.095 0.307 0 1 0 0 0 1 0 0
 7 -47056.839 21335.044 18731.575 21570.910 -2 0 0.624 0.623 0.126 0.355 0 1 0 0 0 1 0 0
 8 45855.839 18432.107 2147.293 18667.972 3 0 0.624 0.623 0.095 0.307 0 1 0 0 0 1 0 0
 9 -45976.710 16818.388 19811.704 17054.254 -2 0 0.624 0.623 0.126 0.355 0 1 0 0 0 1 0 0
 10 36857.375 12229.465 15048.221 12465.331 2 0 0.624 0.623 0.162 0.402 0 1 0 0 0 1 0 0
 11 61701.699 11989.171 17993.153 12225.037 3 0 0.624 0.623 0.110 0.331 0 1 0 0 0 1 0 0
 12 -58100.941 9095.713 7687.473 9331.579 -2 0 0.624 0.623 0.081 0.284 0 1 0 0 0 1 0 0
 13 -34479.996 3531.227 9409.026 3767.093 -1 0 0.624 0.623 0.162 0.402 0 1 0 0 0 1 0 0
 14 -62714.667 -1401.435 3073.747 20734.055 -2 -1 0.624 0.623 0.095 0.307 0 1 0 0 0 1 0 0
 15 -5814.799 -7165.995 16174.831 14969.495 0 -1 0.624 0.623 0.081 0.284 0 1 0 0 0 1 0 0
 16 46055.574 -6685.928 2347.028 15449.561 3 -1 0.624 0.623 0.126 0.355 0 1 0 0 0 1 0 0
 17 -7909.991 -8200.596 14079.639 13934.893 0 -1 0.624 0.623 0.110 0.331 0 1 0 0 0 1 0 0
 18 -8192.583 -9154.220 13797.047 12981.269 0 -1 1.872 1.247 0.468 0.684 0 1 0 0 0 1 0 0
 19 59209.070 -11990.345 15500.524 10145.144 3 -1 4.993 1.871 6.746 1.871 0 1 0 0 0 1 0 0
 20 -60338.597 -19157.902 5449.817 2977.588 -2 -1 0.624 0.623 0.095 0.307 0 1 0 0 0 1 0 0
 21 -34480.062 -29227.201 9408.960 14807.914 -1 -2 0.624 0.623 0.126 0.355 0 1 0 0 0 1 0 0
 22 -29675.185 -38702.406 14213.837 5332.709 -1 -2 0.624 0.623 0.095 0.307 0 1 0 0 0 1 0 0
 23 43315.601 -42248.097 21506.447 1787.017 2 -2 0.624 0.623 0.095 0.307 0 1 0 0 0 1 0 0
 24 5245.551 -43616.468 5335.789 418.646 1 -2 10.610 9.981 50.597 7.113 0 1 0 0 0 1 0 0
 25 -35783.332 -53716.066 8105.690 12218.674 -1 -3 0.624 0.623 0.095 0.307 0 1 0 0 0 1 0 0
 26 -40012.425 -55844.183 3876.597 10090.556 -1 -3 0.624 0.623 0.126 0.355 0 1 0 0 0 1 0 0
 27 13416.575 -55457.386 13506.813 10477.353 1 -3 0.624 0.623 0.202 0.449 0 1 0 0 0 1 0 0
 28 -29955.140 -62406.027 13933.882 3528.713 -1 -3 0.624 0.623 0.095 0.307 0 1 0 0 0 1 0 0;
SummarySpec 5
  TESTNO    NDEFECT    DEFDENSITY    NDIE    NDEFDIE  ;
SummaryList 
  1    28    0.2108    28    19  ;
EndOfFile;
